|/img_evidence.E01/vol_vol2/|5|dr-xr-xr-x|0|0|56|1260483963|1259875021|1259875021|1258738689
ad617ac3906958de35eacc3d90d31043|/img_evidence.E01/vol_vol2/$AttrDef|4|rr-xr-xr-x|48|0|2560|1258738689|1258738689|1258738689|1258738689
d41d8cd98f00b204e9800998ecf8427e|/img_evidence.E01/vol_vol2/$BadClus|8|rr-xr-xr-x|0|0|0|1258738689|1258738689|1258738689|1258738689
|/img_evidence.E01/vol_vol2/$BadClus:$Bad|8|rr-xr-xr-x|0|0|1059057664|1258738689|1258738689|1258738689|1258738689
5954b088d54dd1547fc7db719fc8a6d5|/img_evidence.E01/vol_vol2/$Bitmap|6|rr-xr-xr-x|0|0|32320|1258738689|1258738689|1258738689|1258738689
d247e5e01be78d9fcc42adf3055cda08|/img_evidence.E01/vol_vol2/$Boot|7|rr-xr-xr-x|48|0|8192|1258738689|1258738689|1258738689|1258738689
|/img_evidence.E01/vol_vol2/$Extend|11|dr-xr-xr-x|0|0|552|1258738689|1258738689|1258738689|1258738689
d41d8cd98f00b204e9800998ecf8427e|/img_evidence.E01/vol_vol2/$Extend/$ObjId|25|rr-xr-xr-x|0|0|0|1258738697|1258738697|1258738697|1258738697
d41d8cd98f00b204e9800998ecf8427e|/img_evidence.E01/vol_vol2/$Extend/$Quota|24|rr-xr-xr-x|0|0|0|1258738697|1258738697|1258738697|1258738697
d41d8cd98f00b204e9800998ecf8427e|/img_evidence.E01/vol_vol2/$Extend/$Reparse|26|rr-xr-xr-x|0|0|0|1258738697|1258738697|1258738697|1258738697
|/img_evidence.E01/vol_vol2/$Extend/$RmMetadata|27|dr-xr-xr-x|0|0|336|1258738697|1258738697|1258738697|1258738697
d41d8cd98f00b204e9800998ecf8427e|/img_evidence.E01/vol_vol2/$Extend/$RmMetadata/$Repair|28|rr-xr-xr-x|0|0|0|1258738697|1258738697|1258738697|1258738697
39d997ae6b77dab1dfbabb6cf0e4783a|/img_evidence.E01/vol_vol2/$Extend/$RmMetadata/$Repair:$Config|28|rr-xr-xr-x|0|0|8|1258738697|1258738697|1258738697|1258738697
|/img_evidence.E01/vol_vol2/$Extend/$RmMetadata/$Txf|30|dr-xr-xr-x|0|0|48|1258738697|1258738697|1258738697|1258738697
|/img_evidence.E01/vol_vol2/$Extend/$RmMetadata/$TxfLog|29|dr-xr-xr-x|0|0|56|1258738697|1258738697|1258738697|1258738697
d8647119661058c072081ed6b65b32b5|/img_evidence.E01/vol_vol2/$Extend/$RmMetadata/$TxfLog/$Tops|31|rr-xr-xr-x|0|0|100|1258738697|1258738697|1258738697|1258738697
b6d81b360a5672d80c27430f39153e2c|/img_evidence.E01/vol_vol2/$Extend/$RmMetadata/$TxfLog/$Tops:$T|31|rr-xr-xr-x|0|0|1048576|1258738697|1258738697|1258738697|1258738697
7159eb07e3bfdb61fc4a58cd53b48f28|/img_evidence.E01/vol_vol2/$Extend/$RmMetadata/$TxfLog/$TxfLog.blf|32|rrwxrwxrwx|0|0|65536|1258738699|1260484843|1260484843|1258738699
2453eb112d7c45b000b29911292e9de9|/img_evidence.E01/vol_vol2/$Extend/$RmMetadata/$TxfLog/$TxfLogContainer00000000000000000001|33|rrwxrwxrwx|0|0|10485760|1258738699|1260484843|1260484843|1258738699
f1c9645dbc14efddc7d8a322685f26eb|/img_evidence.E01/vol_vol2/$Extend/$RmMetadata/$TxfLog/$TxfLogContainer00000000000000000002|34|rrwxrwxrwx|0|0|10485760|1258738710|1258738784|1258738784|1258738710
d017ae14443f763528421006270362ce|/img_evidence.E01/vol_vol2/$Extend/$UsnJrnl:$J|36|rr-xr-xr-x|0|0|112640|1259098807|1259098807|1259098807|1259098807
7f3260262f325901c43cf76b086f29c0|/img_evidence.E01/vol_vol2/$Extend/$UsnJrnl:$Max|36|rr-xr-xr-x|0|0|32|1259098807|1259098807|1259098807|1259098807
6f2206ce18b12f48c9cc83f8b0d6c1f1|/img_evidence.E01/vol_vol2/$LogFile|2|rr-xr-xr-x|0|0|7405568|1258738689|1258738689|1258738689|1258738689
dcace4c8ca40db49c84d340b7b327502|/img_evidence.E01/vol_vol2/$MFT|0|rr-xr-xr-x|0|0|262144|1258738689|1258738689|1258738689|1258738689
0c065b2029f182f70a4b7772907f677a|/img_evidence.E01/vol_vol2/$MFTMirr|1|rr-xr-xr-x|0|0|4096|1258738689|1258738689|1258738689|1258738689
|/img_evidence.E01/vol_vol2/$Secure:$SDS|9|rr-xr-xr-x|0|0|263148|1258738689|1258738689|1258738689|1258738689
7ff498a44e45e77374cc7c962b1b92f2|/img_evidence.E01/vol_vol2/$UpCase|10|rr-xr-xr-x|0|0|131072|1258738689|1258738689|1258738689|1258738689
d41d8cd98f00b204e9800998ecf8427e|/img_evidence.E01/vol_vol2/$Volume|3|rr-xr-xr-x|48|0|0|1258738689|1258738689|1258738689|1258738689
4fa239c22e5fb7b934a1bf68e4e0e2e7|/img_evidence.E01/vol_vol2/01.zip|39|rrwxrwxrwx|0|0|108438|1259099258|1259097676|1259702310|1259099258
40b386b30ed026c60ec1ac72e87360a3|/img_evidence.E01/vol_vol2/astronaut.jpg|37|rrwxrwxrwx|0|0|713418|1260483964|1259098413|1259098819|1259098819
7dda7f64befdc8eef1f66698ea96422a|/img_evidence.E01/vol_vol2/astronaut.jpg:Zone.Identifier|37|rrwxrwxrwx|0|0|46|1260483964|1259098413|1259098819|1259098819
45eade24b3a89b21fed303310ccbdc54|/img_evidence.E01/vol_vol2/astronaut1.jpg|40|rrwxrwxrwx|0|0|722717|1260483964|1259099022|1259099040|1259099258
|/img_evidence.E01/vol_vol2/Email|43|drwxrwxrwx|0|0|56|1260484178|1260484075|1260484075|1259875019
81d79fcc48a5951c78a0c6efe0652873|/img_evidence.E01/vol_vol2/Email/Charlie_2009-11-17_0845_Received.txt|53|rrwxrwxrwx|0|0|593|1259875226|1259875226|1259946861|1259875225
ccb319542cd8f125090fe7605c5bb873|/img_evidence.E01/vol_vol2/Email/Charlie_2009-11-17_1030_Received.txt|54|rrwxrwxrwx|0|0|1537|1259875257|1259875237|1259946861|1259875237
ffef4f69f4103c88835db2937d5e0bd6|/img_evidence.E01/vol_vol2/Email/Charlie_2009-11-17_1033_Received.txt|58|rrwxrwxrwx|0|0|650|1259963261|1259875300|1259946861|1259875300
d5915b04a5b133fdaee72d5efa7fdb07|/img_evidence.E01/vol_vol2/Email/Charlie_2009-11-17_1040_Received.txt|57|rrwxrwxrwx|0|0|284|1259963201|1259875282|1259946861|1259875282
9678e7a4ca1a4085243aaf0cf7c1eec4|/img_evidence.E01/vol_vol2/Email/Charlie_2009-11-17_1054_Sent.txt|107|rrwxrwxrwx|0|0|253|1259963497|1259963130|1259963130|1259963130
4a760e2684ae936ed31845689762ae50|/img_evidence.E01/vol_vol2/Email/Charlie_2009-11-18_0903_Received.txt|55|rrwxrwxrwx|0|0|488|1260484063|1259947211|1259947211|1259947211
f32c6d7d62a1d04d86ab1caadb6a9705|/img_evidence.E01/vol_vol2/Email/Charlie_2009-11-18_0927_Received.txt|59|rrwxrwxrwx|0|0|299|1259947228|1259947228|1259947228|1259947228
50e5f246c051c580e031e7cb87dfb6d9|/img_evidence.E01/vol_vol2/Email/Charlie_2009-11-18_0929_Received.txt|60|rrwxrwxrwx|0|0|264|1259962794|1259947243|1259947243|1259947243
ba0d402fb4875e8697f59d9092510f41|/img_evidence.E01/vol_vol2/Email/Charlie_2009-11-18_0939_Received.txt|61|rrwxrwxrwx|0|0|881|1259947252|1259947252|1259947252|1259947252
f6c51678245c453427a3b041713ac2f4|/img_evidence.E01/vol_vol2/Email/Charlie_2009-11-18_0940_Received.txt|62|rrwxrwxrwx|0|0|784|1259947453|1259947261|1259947261|1259947261
003e01ab971c15ee1a7cf1493ed5b6b3|/img_evidence.E01/vol_vol2/Email/Charlie_2009-11-18_1001_Received.txt|63|rrwxrwxrwx|0|0|495|1259947271|1259947271|1259947271|1259947271
4b2208e392687f2b9efcac6996f5e677|/img_evidence.E01/vol_vol2/Email/Charlie_2009-11-18_1004a_Received.txt|64|rrwxrwxrwx|0|0|1163|1259947362|1259947291|1259947361|1259947291
91deb18da0a0e0a7dcf4b06abf904ea5|/img_evidence.E01/vol_vol2/Email/Charlie_2009-11-18_1004b_Received.txt|65|rrwxrwxrwx|0|0|1203|1259947341|1259947335|1259947335|1259947335
2183df2036ad23070965c0a263499261|/img_evidence.E01/vol_vol2/Email/Charlie_2009-11-18_1158_Sent.txt|108|rrwxrwxrwx|0|0|598|1259963143|1259963143|1259963143|1259963143
6c369b3ac60555380f91009f854cb06c|/img_evidence.E01/vol_vol2/Email/Charlie_2009-11-18_1253_Sent.txt|109|rrwxrwxrwx|0|0|347|1259963158|1259963158|1259963158|1259963158
299a23b4e039c689c742ae7800acff0c|/img_evidence.E01/vol_vol2/Email/Charlie_2009-11-18_1259_Sent.txt|110|rrwxrwxrwx|0|0|266|1259963173|1259963169|1259963169|1259963169
c03f52420998b9fffa8567f5b0037b02|/img_evidence.E01/vol_vol2/Email/Charlie_2009-11-19_0932_Received.txt|66|rrwxrwxrwx|0|0|293|1259962920|1259947354|1259947354|1259947354
03b60cbc63f181b440de50307a3429ae|/img_evidence.E01/vol_vol2/Email/Charlie_2009-11-19_0942_Received.txt|67|rrwxrwxrwx|0|0|677|1259962693|1259947372|1259947372|1259947372
d731f26a136747ebdd8b04c9c623447c|/img_evidence.E01/vol_vol2/Email/Charlie_2009-11-19_0957_Received.txt|68|rrwxrwxrwx|0|0|271|1259962702|1259947387|1259947387|1259947387
ea854bef14e83693f2b75dbbd90d4753|/img_evidence.E01/vol_vol2/Email/Charlie_2009-11-19_1037_Sent.txt|111|rrwxrwxrwx|0|0|443|1259963183|1259963183|1259963183|1259963183
286154eddc979e43991d8d1d3dfe3c11|/img_evidence.E01/vol_vol2/Email/Charlie_2009-11-19_1038_Sent.txt|112|rrwxrwxrwx|0|0|312|1259963197|1259963197|1259963197|1259963197
2abe036d0fcde9b9c05bc25d87daec72|/img_evidence.E01/vol_vol2/Email/Charlie_2009-11-20_0848_Received.txt|70|rrwxrwxrwx|0|0|670|1259947418|1259947418|1259947418|1259947418
b62daaba6d0a011f33d57b2515f5fa22|/img_evidence.E01/vol_vol2/Email/Charlie_2009-11-20_0957_Received.txt|71|rrwxrwxrwx|0|0|276|1259962808|1259947428|1259947428|1259947428
22f728e4c307c604f806dfc70bf12931|/img_evidence.E01/vol_vol2/Email/Charlie_2009-11-20_0957_Received_95253.SCSI.Mathew+Malizia.pdf|97|rrwxrwxrwx|0|0|73926|1259962821|1259962821|1259962821|1259962821
4c8cb6c9d8f0670d2c5127f30bfff6c9|/img_evidence.E01/vol_vol2/Email/Charlie_2009-11-20_0957_Received_97315.ScatterGatherIO.Julio+Molock.pdf|98|rrwxrwxrwx|0|0|64343|1260484045|1259962828|1259962828|1259962828
3daefc16b545c020b809939684b87a9f|/img_evidence.E01/vol_vol2/Email/Charlie_2009-11-20_0957_Received_98521.WANs.Greg+Hillier.pdf|99|rrwxrwxrwx|0|0|99483|1259962835|1259962835|1259962835|1259962835
409344fa2d71fdd651ccb4eaa0f2ce2d|/img_evidence.E01/vol_vol2/Email/Charlie_2009-11-20_0957_Received_99202.ComplexityTheory.Louisa+Fleet.pdf|96|rrwxrwxrwx|0|0|95965|1259962915|1259962786|1259962915|1259962785
b8da80702e72abd4c24e4a013984306a|/img_evidence.E01/vol_vol2/Email/Charlie_2009-11-20_1055_Received.txt|72|rrwxrwxrwx|0|0|211|1259962803|1259947444|1259947444|1259947444
1cb74f2c1f8a8a801e0c91049244e82f|/img_evidence.E01/vol_vol2/Email/Charlie_2009-11-20_1055_Received_PETEFFS.pdf|100|rrwxrwxrwx|0|0|113763|1259962878|1259962878|1259962878|1259962877
361f71feeca6ade3d0ea2b691d2eb704|/img_evidence.E01/vol_vol2/Email/Charlie_2009-11-20_1108_Received.txt|73|rrwxrwxrwx|0|0|180|1259962803|1259947471|1259947471|1259947471
21ea539aa2be9a7288ae99e5c3f7b8c4|/img_evidence.E01/vol_vol2/Email/Charlie_2009-11-20_1220_Received.txt|74|rrwxrwxrwx|0|0|178|1259962700|1259947482|1259947482|1259947482
d41d8cd98f00b204e9800998ecf8427e|/img_evidence.E01/vol_vol2/Email/Charlie_2009-11-20_1303_Sent.txt|0|----------|0|0|0|0|0|0|0
e2e176d2d8b110f11ce3ba0824a4ffb4|/img_evidence.E01/vol_vol2/Email/Charlie_2009-11-20_1306_Sent.txt|114|rrwxrwxrwx|0|0|406|1259963230|1259963230|1259963230|1259963230
cca8ceb961ef6d5add797ee76863ab22|/img_evidence.E01/vol_vol2/Email/Charlie_2009-11-20_1526_Received.txt|75|rrwxrwxrwx|0|0|414|1259962703|1259947493|1259947493|1259947493
44d6db6c3a7dd5319d64b3d11987cda2|/img_evidence.E01/vol_vol2/Email/Charlie_2009-11-23_0907_Received.txt|76|rrwxrwxrwx|0|0|605|1259947520|1259947520|1259947520|1259947520
4cda239f0fba23188f94e4aa566188d9|/img_evidence.E01/vol_vol2/Email/Charlie_2009-11-24_0848_Sent.txt|115|rrwxrwxrwx|0|0|290|1259963244|1259963244|1259963244|1259963244
e24802b3bba14fb4c0753c701632b3eb|/img_evidence.E01/vol_vol2/Email/Charlie_2009-11-24_0852_Sent.txt|116|rrwxrwxrwx|0|0|329|1259963266|1259963257|1259963257|1259963257
23858d40682d31edb91ac472b07993eb|/img_evidence.E01/vol_vol2/Email/Charlie_2009-11-24_1040_Received.txt|77|rrwxrwxrwx|0|0|411|1259962930|1259947534|1259947534|1259947534
68bf22e04c9b50bf18c439c40001b6de|/img_evidence.E01/vol_vol2/Email/Charlie_2009-11-24_1041_Received.txt|78|rrwxrwxrwx|0|0|649|1259947544|1259947544|1259947544|1259947544
0b6e229e75050121bf8d296dc90f9b89|/img_evidence.E01/vol_vol2/Email/Charlie_2009-11-24_1045_Received.txt|79|rrwxrwxrwx|0|0|632|1259947555|1259947555|1259947555|1259947554
92fe3c2001878f46bbc44f7c6ed522d8|/img_evidence.E01/vol_vol2/Email/Charlie_2009-11-24_1049_Sent.txt|117|rrwxrwxrwx|0|0|515|1259963279|1259963272|1259963272|1259963272
1794549baba1bca093f86f9ec56861c1|/img_evidence.E01/vol_vol2/Email/Charlie_2009-11-24_1258_Sent.txt|118|rrwxrwxrwx|0|0|776|1259963284|1259963284|1259963284|1259963284
267c69faa3653ff713643f3d0eca1b02|/img_evidence.E01/vol_vol2/Email/Charlie_2009-11-24_1314_Received.txt|80|rrwxrwxrwx|0|0|1082|1259947565|1259947565|1259947565|1259947565
20dc3c50e422b29ebff32052911ca0d3|/img_evidence.E01/vol_vol2/Email/Charlie_2009-11-24_1607_Received.txt|81|rrwxrwxrwx|0|0|462|1259947577|1259947577|1259947577|1259947577
9aabd3906236410aa524bf73c41e4593|/img_evidence.E01/vol_vol2/Email/Charlie_2009-11-30_0854_Received_US5041044.pdf|101|rrwxrwxrwx|0|0|550494|1259962947|1259962947|1259962947|1259962946
0b559d8ff006a5ac50d9825c8ba0bca3|/img_evidence.E01/vol_vol2/Email/Charlie_2009-11-30_0907_Received.txt|83|rrwxrwxrwx|0|0|579|1259963312|1259962482|1259962482|1259962481
1d0996e196a290335397134a2fd5a4fe|/img_evidence.E01/vol_vol2/Email/Charlie_2009-11-30_0949_Received.txt|84|rrwxrwxrwx|0|0|440|1259962503|1259962503|1259962503|1259962503
50dc477df84b094ce670739504b0d949|/img_evidence.E01/vol_vol2/Email/Charlie_2009-11-30_1108_Received.txt|85|rrwxrwxrwx|0|0|275|1259963312|1259962516|1259962516|1259962516
7dc62a63d2e9b99b59e7c7646a71e71c|/img_evidence.E01/vol_vol2/Email/Charlie_2009-12-01_1046_Received.txt|86|rrwxrwxrwx|0|0|237|1259963309|1259962540|1259962540|1259962539
bb1c748b149777fadb8a20d21c32ced7|/img_evidence.E01/vol_vol2/Email/Charlie_2009-12-01_1152_Received.txt|87|rrwxrwxrwx|0|0|487|1259962551|1259962551|1259962551|1259962551
ba50e8a1ea82c4da851f8c97796b7a39|/img_evidence.E01/vol_vol2/Email/Charlie_2009-12-01_1258_Sent.txt|120|rrwxrwxrwx|0|0|357|1259963322|1259963322|1259963322|1259963322
8856682f03892a223737e87a33632709|/img_evidence.E01/vol_vol2/Email/Charlie_2009-12-01_1302_Sent.txt|121|rrwxrwxrwx|0|0|330|1259963335|1259963335|1259963335|1259963335
870eb60d6efc9a2951dfbef0a52752fd|/img_evidence.E01/vol_vol2/Email/Charlie_2009-12-01_1343_Received.txt|88|rrwxrwxrwx|0|0|601|1259963568|1259962564|1259963568|1259962564
7577a4b53858c23f68ef5281a63d41ca|/img_evidence.E01/vol_vol2/Email/Charlie_2009-12-02_1304_Sent.txt|122|rrwxrwxrwx|0|0|411|1259963350|1259963350|1259963350|1259963350
dfc3d700f039f1b64057ffcc73dafa1f|/img_evidence.E01/vol_vol2/Email/Charlie_2009-12-02_1305_Received.txt|89|rrwxrwxrwx|0|0|1424|1259963574|1259962581|1259963574|1259962581
f1e13add6323154aed04c8bc3b3f81fd|/img_evidence.E01/vol_vol2/Email/Charlie_2009-12-02_1305_Received_Interested-.eml|103|rrwxrwxrwx|0|0|1750|1259963025|1259963025|1259963025|1259963025
d41d8cd98f00b204e9800998ecf8427e|/img_evidence.E01/vol_vol2/Email/Charlie_2009-12-02_1305_Received_Part 1.2|0|----------|0|0|0|0|0|0|0
0c2e809af37f598c96ad4799a6f439f6|/img_evidence.E01/vol_vol2/Email/Charlie_2009-12-02_1325_Sent.txt|123|rrwxrwxrwx|0|0|413|1259963580|1259963363|1259963363|1259963363
d851224e3f6a20199f2b60d145b0fad2|/img_evidence.E01/vol_vol2/Email/Charlie_2009-12-02_1352_Received.txt|90|rrwxrwxrwx|0|0|517|1259962996|1259962592|1259962592|1259962592
f458db9900507d2245c01c783ba25b51|/img_evidence.E01/vol_vol2/Email/Charlie_2009-12-02_1631_Received.txt|91|rrwxrwxrwx|0|0|220|1259962604|1259962604|1259962604|1259962604
caa675622cfc600a467b9e06f8365f3a|/img_evidence.E01/vol_vol2/Email/Charlie_2009-12-03_0851_Received.txt|92|rrwxrwxrwx|0|0|784|1259962619|1259962619|1259962619|1259962619
6dd436ca94f8eb6eb8ee7caf499fdfef|/img_evidence.E01/vol_vol2/Email/Charlie_2009-12-03_0951_Received.txt|93|rrwxrwxrwx|0|0|584|1259963580|1259962634|1259962634|1259962634
225e30d635e3b4138601c6243354808e|/img_evidence.E01/vol_vol2/Email/Charlie_2009-12-03_1358_Received.txt|94|rrwxrwxrwx|0|0|1596|1259962648|1259962648|1259962648|1259962648
02609e8b263891e923e8b0686d075178|/img_evidence.E01/vol_vol2/Email/Charlie_2009-12-04_0922_Received.txt|95|rrwxrwxrwx|0|0|640|1259962664|1259962664|1259962664|1259962664
22f1bdc7e92d07c02cf2158f9a365a82|/img_evidence.E01/vol_vol2/Email/Charlie_2009-11-17_1039_Received.txt|56|rrwxrwxrwx|0|0|922|1260484063|1259875268|1259946861|1259875267
6dcfed38b27147157cfdbffcc462e392|/img_evidence.E01/vol_vol2/Email/Charlie_2009-11-19_1157_Received.txt|69|rrwxrwxrwx|0|0|679|1259962696|1259947398|1259947398|1259947398
2b9c7c97352414af6af557c76784c4dc|/img_evidence.E01/vol_vol2/Email/Charlie_2009-11-20_1303_Sent.txt|113|rrwxrwxrwx|0|0|269|1259963214|1259963214|1259963214|1259963214
702091ee0de5046ed7ad963d5652e76c|/img_evidence.E01/vol_vol2/Email/Charlie_2009-11-30_0854_Received.txt|82|rrwxrwxrwx|0|0|214|1259962933|1259947608|1259947608|1259947607
cad9ec40e5df443515d3330bac827466|/img_evidence.E01/vol_vol2/Email/Charlie_2009-12-02_1305_Received_Part 1.2|102|rrwxrwxrwx|0|0|419|1259963578|1259963017|1259963017|1259963017
2e392a73d8452ba2b7f64a70531dc72a|/img_evidence.E01/vol_vol2/Email/Charlie_2009-11-16_1102_Received.txt|48|rrwxrwxrwx|0|0|676|1259963559|1259875152|1259946861|1259875152
541a672ce525b1c82d4f180bdbaa9493|/img_evidence.E01/vol_vol2/Email/Charlie_2009-11-16_1122_Received.txt|49|rrwxrwxrwx|0|0|596|1259875326|1259875167|1259946861|1259875167
70f2612343317ddb07504a9928b7bdd6|/img_evidence.E01/vol_vol2/Email/Charlie_2009-11-16_1151_Sent.txt|104|rrwxrwxrwx|0|0|771|1259963078|1259963069|1259963078|1259963069
76c944af37ee9e99908d7535695f5dda|/img_evidence.E01/vol_vol2/Email/Charlie_2009-11-16_1326_Sent.txt|105|rrwxrwxrwx|0|0|391|1259963104|1259963100|1259963100|1259963100
0def532ac391e43b0aa462e602103e20|/img_evidence.E01/vol_vol2/Email/Charlie_2009-11-16_1338_Received.txt|50|rrwxrwxrwx|0|0|578|1259875183|1259875183|1259946861|1259875183
f276f8790e651bc3dcb68d40d5a4e75a|/img_evidence.E01/vol_vol2/Email/Charlie_2009-11-16_1433_Received.txt|51|rrwxrwxrwx|0|0|487|1259875195|1259875195|1259946861|1259875195
dbb20d2abf8e451663858e4ba7a1b951|/img_evidence.E01/vol_vol2/Email/Charlie_2009-11-16_1553_Received.txt|52|rrwxrwxrwx|0|0|336|1259875210|1259875210|1259946861|1259875210
178b183cc1ca78b59e75bd1e00967715|/img_evidence.E01/vol_vol2/Email/Charlie_2009-11-16_1559_Sent.txt|106|rrwxrwxrwx|0|0|621|1259963306|1259963114|1259963114|1259963114
|/img_evidence.E01/vol_vol2/Email/other|134|drwxrwxrwx|0|0|56|1260484749|1260484749|1260484749|1260484069
a57538db0b0bab141f09ae2630253f0d|/img_evidence.E01/vol_vol2/Email/other/Charlie_2009-12-07_1142_Sent.txt|145|rrwxrwxrwx|0|0|375|1260484705|1260484705|1260484705|1260484705
bdf1cd8348e5fef99a533e6d2339960f|/img_evidence.E01/vol_vol2/Email/other/Charlie_2009-12-07_1144_Sent.txt|144|rrwxrwxrwx|0|0|199|1260484636|1260484636|1260484637|1260484636
4be2c4abb48c4389ca798e6c21736ea1|/img_evidence.E01/vol_vol2/Email/other/Charlie_2009-12-07_1144_Sent_microscope1.jpg|141|rrwxrwxrwx|0|0|136274|1260484178|1260484178|1260484679|1260484177
09c5d7f52a087c1ca9bf8df5141ca9c6|/img_evidence.E01/vol_vol2/Email/other/Charlie_2009-12-07_1255_Sent.txt|142|rrwxrwxrwx|0|0|307|1260484572|1260484572|1260484572|1260484572
d0189dfdcce104d98f84792642a5689c|/img_evidence.E01/vol_vol2/Email/other/Charlie_2009-12-08_1259_Sent.txt|146|rrwxrwxrwx|0|0|368|1260484720|1260484720|1260484720|1260484720
65c735c551b179199a7b189734bde984|/img_evidence.E01/vol_vol2/Email/other/Charlie_2009-12-08_1418_Sent.txt|143|rrwxrwxrwx|0|0|287|1260484610|1260484610|1260484610|1260484610
45500703f7a12784cc1d7a12552a151a|/img_evidence.E01/vol_vol2/Email/other/Charlie_2009-12-10_1418_Sent.txt|147|rrwxrwxrwx|0|0|412|1260484749|1260484749|1260484749|1260484749
09c5d7f52a087c1ca9bf8df5141ca9c6|/img_evidence.E01/vol_vol2/Email/other/Great Lunch.txt|137|rrwxrwxrwx|0|0|307|1260484135|1260484135|1260484543|1260484135
65c735c551b179199a7b189734bde984|/img_evidence.E01/vol_vol2/Email/other/Hey.txt|139|rrwxrwxrwx|0|0|287|1260484146|1260484146|1260484585|1260484146
bdf1cd8348e5fef99a533e6d2339960f|/img_evidence.E01/vol_vol2/Email/other/Picture.eml.txt|136|rrwxrwxrwx|0|0|199|1260484097|1260484097|1260484616|1260484097
a57538db0b0bab141f09ae2630253f0d|/img_evidence.E01/vol_vol2/Email/other/QC Project.eml.txt|135|rrwxrwxrwx|0|0|375|1260484085|1260484085|1260484642|1260484085
d0189dfdcce104d98f84792642a5689c|/img_evidence.E01/vol_vol2/Email/other/Vacation time.txt|138|rrwxrwxrwx|0|0|368|1260484141|1260484141|1260484708|1260484141
45500703f7a12784cc1d7a12552a151a|/img_evidence.E01/vol_vol2/Email/other/When's it coming.txt|140|rrwxrwxrwx|0|0|412|1260484151|1260484151|1260484724|1260484151
0890cc94896b2e4842a68dd1e8e39f6a|/img_evidence.E01/vol_vol2/Email/Charlie_2009-11-30_0846_Sent.txt|119|rrwxrwxrwx|0|0|575|1259963302|1259963302|1259963302|1259963302
38e1053ff00c7db64671800ffdc34925|/img_evidence.E01/vol_vol2/Email/Charlie_2009-12-03_0852_Sent.txt|124|rrwxrwxrwx|0|0|604|1259963383|1259963383|1259963383|1259963383
f752677303729e24692bbe8c4a3747c5|/img_evidence.E01/vol_vol2/Email/Charlie_2009-12-03_1216_Sent.txt|125|rrwxrwxrwx|0|0|236|1259963411|1259963411|1259963411|1259963411
45eade24b3a89b21fed303310ccbdc54|/img_evidence.E01/vol_vol2/Email/Charlie_2009-12-03_1216_Sent_astronaut1.jpg|126|rrwxrwxrwx|0|0|722717|1260483965|1259963424|1259963424|1259963423
d63f1e4ea44c9d7ca491b3b68ce74634|/img_evidence.E01/vol_vol2/Email/Charlie_2009-12-03_1302_Sent.txt|127|rrwxrwxrwx|0|0|786|1259963441|1259963441|1259963441|1259963440
79a12b751d78f93f227d3f88893c52bd|/img_evidence.E01/vol_vol2/Email/Charlie_2009-12-03_1316_Sent.txt|128|rrwxrwxrwx|0|0|251|1259963452|1259963452|1259963452|1259963452
18a6274e2ad0b9e4765941d3cf1c6f7f|/img_evidence.E01/vol_vol2/Email/Charlie_2009-12-04_0848_Sent.txt|129|rrwxrwxrwx|0|0|1867|1259963468|1259963468|1259963468|1259963467
58936eeb680b72c0570cb5035ed88cf8|/img_evidence.E01/vol_vol2/Email/Charlie_2009-12-04_0941_Sent.txt|130|rrwxrwxrwx|0|0|765|1259963582|1259963484|1259963583|1259963484
4fa239c22e5fb7b934a1bf68e4e0e2e7|/img_evidence.E01/vol_vol2/Email/Charlie_2009-12-04_0941_Sent_01.zip|131|rrwxrwxrwx|0|0|108438|1259963492|1259963492|1259963492|1259963491
24d77a52e89b224219fd9386de23be43|/img_evidence.E01/vol_vol2/Email/Charlie_2009-12-04_1306_Sent.txt|132|rrwxrwxrwx|0|0|279|1259963505|1259963505|1259963505|1259963505
7a5e333b8fb8ed7f38db95d6b08d4585|/img_evidence.E01/vol_vol2/Email/Charlie_Email.zip|133|rrwxrwxrwx|0|0|1833535|1259963837|1259963837|1259963837|1259963837
|/img_evidence.E01/vol_vol2/Immortality|44|drwxrwxrwx|0|0|56|1260483964|1259099745|1259099745|1259099745
4db32968b696e7b7dca8e3860e52b6c3|/img_evidence.E01/vol_vol2/Immortality/Thumbs.db|45|rr-xr-xr-x|0|0|7680|1259099745|1259097480|1259099745|1259099745
b526e6c7a244d62e7120f3f804d76d8d|/img_evidence.E01/vol_vol2/Immortality/us005026637-001.tif|46|rrwxrwxrwx|0|0|39692|1259875007|1259097180|1259099745|1259099745
c412dfcd8bca1333d9356d710dd7a01a|/img_evidence.E01/vol_vol2/Immortality/us006982168-001.tif|47|rrwxrwxrwx|0|0|76596|1259099749|1259097300|1259099745|1259099745
83150daa46ccfe62a4aeb6c4898905a8|/img_evidence.E01/vol_vol2/invsecr2.exe|35|rrwxrwxrwx|0|0|1291720|1259100576|1258656145|1260484061|1258738984
7dda7f64befdc8eef1f66698ea96422a|/img_evidence.E01/vol_vol2/invsecr2.exe:Zone.Identifier|35|rrwxrwxrwx|0|0|46|1259100576|1258656145|1260484061|1258738984
689a8ffcdb92dc0dcc68078e42c094da|/img_evidence.E01/vol_vol2/microscope.jpg|38|rrwxrwxrwx|0|0|136274|1259100576|1259098071|1259099795|1259098820
7dda7f64befdc8eef1f66698ea96422a|/img_evidence.E01/vol_vol2/microscope.jpg:Zone.Identifier|38|rrwxrwxrwx|0|0|46|1259100576|1259098071|1259099795|1259098820
4be2c4abb48c4389ca798e6c21736ea1|/img_evidence.E01/vol_vol2/microscope1.jpg|42|rrwxrwxrwx|0|0|136274|1259101164|1259101161|1259101161|1259100553
56fd56fc40b7c6d7b7572711f863bc8d|/img_evidence.E01/vol_vol2/Nitroba work.odt|41|rrwxrwxrwx|0|0|10906|1259099708|1258666002|1258666064|1259099708
|/img_evidence.E01/vol_vol2/$OrphanFiles|0|v---------|0|0|0|0|0|0|0
